22000	0
-nan

22000	500
0.414203

22000	1000
0.454186

22000	1500
0.467763

22000	2000
0.474265

22000	2500
0.477919

22000	3000
0.480433

22000	3500
0.48218

22000	4000
0.483375

22000	4500
0.484633

22000	5000
0.485431

22000	5500
0.485852

22000	6000
0.486397

22000	6500
0.487186

22000	7000
0.487709

22000	7500
0.488118

22000	8000
0.488615

22000	8500
0.488788

22000	9000
0.48887

22000	9500
0.489

22000	10000
0.489109

22000	10500
0.489351

22000	11000
0.489424

22000	11500
0.489513

22000	12000
0.489555

22000	12500
0.489726

22000	13000
0.489728

22000	13500
0.489863

22000	14000
0.490027

22000	14500
0.490065

22000	15000
0.490207

22000	15500
0.490306

22000	16000
0.490446

22000	16500
0.490452

22000	17000
0.490512

22000	17500
0.490539

22000	18000
0.490645

22000	18500
0.490694

22000	19000
0.490704

22000	19500
0.490675

22000	20000
0.490706

22000	20500
0.490792

22000	21000
0.490738

22000	21500
0.490769

0.490853
306
0.490853

real	7m56.308s
user	7m11.148s
sys	0m0.041s
